100 100 47
46 28 42 24 49 1 16 7 40 43 7 24 16 0 2 36 8 48 17 38 32 44 33 38 18 22 7 49 44 34 25 46 29 44 3 25 37 49 15 23 37 1 4 13 49 37 30 18 49 36 8 20 6 34 17 0 7 22 6 32 3 4 28 22 49 15 25 36 16 2 40 26 34 41 22 49 20 30 40 38 13 8 46 0 22 33 37 43 8 15 43 18 31 22 40 21 28 5 7 14 
42 35 34 35 2 40 16 33 49 20 34 39 28 35 20 2 39 32 35 26 36 12 48 9 14 21 42 11 22 17 29 33 39 49 41 13 34 35 8 37 6 31 40 27 27 22 15 29 16 22 35 24 10 20 13 22 41 38 9 40 42 31 48 46 34 49 11 14 7 33 42 40 0 32 12 46 30 2 26 3 48 10 4 45 32 2 25 21 40 22 27 26 0 15 31 7 43 3 13 33 
1 2 29 26 42 46 36 16 12 14 11 42 36 3 21 42 28 13 31 41 39 23 11 13 13 44 9 19 0 48 2 18 32 17 4 43 46 40 24 27 31 39 23 49 17 20 9 7 8 28 41 45 5 3 38 33 35 39 22 49 10 29 35 15 6 23 34 39 30 35 14 0 33 47 6 9 42 2 34 8 34 32 24 30 40 31 28 31 36 1 40 15 45 49 27 18 27 43 28 8 
16 28 26 37 33 15 39 37 8 12 12 15 5 3 31 39 49 31 48 1 9 35 43 49 34 37 4 23 41 24 22 30 8 24 23 6 1 44 39 16 43 26 16 14 10 22 36 36 8 36 41 2 34 41 25 16 22 26 20 38 42 1 18 31 17 18 48 26 27 45 22 10 43 3 49 21 21 12 48 46 11 37 11 44 42 33 38 14 12 25 12 5 29 1 41 38 24 10 2 31 
17 17 13 15 12 0 8 37 30 20 46 44 41 29 44 0 19 16 47 4 22 33 39 0 23 7 48 25 45 27 15 18 0 33 0 46 35 10 20 26 16 35 26 40 48 19 1 46 35 34 31 32 22 22 8 44 28 48 5 33 32 35 31 38 23 40 16 11 7 34 1 3 45 2 28 23 36 33 5 35 15 2 43 27 10 23 1 43 4 2 9 3 26 8 5 33 6 46 4 40 
36 31 21 31 35 22 37 15 48 24 41 23 21 31 49 47 13 24 0 19 12 44 49 37 35 44 32 36 3 8 20 5 38 36 3 40 9 24 30 6 25 2 37 13 49 2 9 18 12 35 27 24 0 37 41 27 39 13 9 41 20 0 47 18 29 2 4 40 23 7 48 14 2 2 17 23 0 6 32 31 26 43 2 44 4 18 0 8 17 46 22 41 18 29 46 1 46 31 38 7 
6 45 27 44 24 46 3 42 30 23 15 42 45 39 5 13 43 48 1 47 40 10 21 46 44 49 41 44 47 40 33 19 24 37 30 12 14 33 21 0 43 40 41 24 26 9 10 17 45 30 10 46 47 2 36 13 32 32 15 34 22 43 46 17 9 6 48 19 45 2 33 15 34 35 12 13 33 8 3 37 18 23 10 40 28 20 19 1 18 42 32 27 22 26 43 5 16 13 35 34 
26 33 9 49 49 46 32 32 26 34 34 3 43 11 26 43 11 7 40 15 26 6 33 25 42 16 20 42 19 47 36 19 4 11 27 38 3 46 15 15 26 10 28 47 20 49 10 37 26 28 45 44 31 0 1 12 38 30 33 48 12 49 13 40 43 14 33 23 2 4 17 14 21 32 22 49 36 20 12 18 43 38 38 42 13 28 36 8 30 8 17 46 40 24 37 41 15 45 31 19 
32 9 24 13 49 19 47 19 33 45 41 0 14 18 41 12 4 3 43 11 45 17 19 36 39 30 21 38 6 44 1 20 20 28 36 10 24 48 49 19 19 37 2 11 13 39 15 6 23 27 13 37 45 27 11 21 25 32 9 21 9 28 41 19 44 31 9 4 5 36 48 41 39 47 10 43 16 44 19 42 26 23 6 34 10 19 16 35 23 18 7 20 19 4 2 40 19 48 33 8 
11 44 29 43 29 22 43 43 5 3 38 4 2 10 34 15 28 15 11 27 26 7 16 44 34 33 5 9 33 32 3 38 46 20 35 35 5 44 5 15 45 41 4 38 17 28 19 26 0 6 24 29 46 17 12 31 38 24 42 32 4 29 14 35 32 35 6 22 6 38 0 34 23 9 41 46 49 6 39 44 37 31 40 40 47 10 17 41 5 0 38 49 41 20 21 13 45 21 11 8 
43 20 2 25 10 12 38 38 17 32 42 14 31 12 9 22 17 22 1 12 22 19 26 48 22 0 24 46 14 31 45 17 10 29 37 24 16 49 10 44 9 21 0 28 14 16 6 39 42 30 7 32 19 36 4 48 45 16 49 44 38 45 14 49 39 47 41 39 4 41 2 10 32 23 9 10 4 17 4 49 30 18 28 21 8 21 27 35 27 43 3 31 20 30 21 10 14 41 6 3 
40 17 48 31 30 49 17 35 18 28 1 48 11 8 12 49 8 30 15 28 4 27 3 31 13 47 13 14 7 10 26 35 22 15 0 11 49 34 32 42 34 39 42 44 32 36 27 18 37 28 17 44 18 21 44 33 12 12 48 31 41 20 19 21 9 10 4 14 40 1 0 19 8 45 16 29 10 19 29 45 2 38 22 49 44 37 16 5 26 32 13 26 29 30 49 44 41 2 46 44 
23 33 37 37 21 13 5 44 16 42 20 12 30 5 34 25 30 47 39 4 36 21 21 13 49 8 24 20 30 34 30 25 37 19 0 32 38 22 23 43 8 20 0 19 2 0 18 35 7 40 25 15 11 18 32 40 21 27 33 47 38 22 0 11 44 22 42 40 31 5 27 32 28 36 43 12 46 17 1 26 47 19 14 38 37 3 34 35 13 35 39 37 34 38 44 8 36 30 8 11 
4 3 0 47 41 36 37 23 0 41 3 10 20 21 44 9 8 29 8 28 48 37 0 38 39 26 18 35 32 2 6 45 0 15 23 26 12 16 46 44 22 29 41 48 37 33 45 43 13 39 33 29 3 12 9 44 9 45 49 10 16 25 24 42 29 13 3 37 11 23 34 39 17 14 7 0 42 5 7 19 2 34 46 14 42 31 11 49 22 1 30 17 10 24 27 31 9 10 26 46 
28 15 17 33 48 37 26 24 16 19 4 5 7 41 14 25 13 35 0 30 24 16 30 42 24 16 8 10 40 27 6 21 23 39 17 19 48 11 45 12 31 12 33 12 49 6 15 20 20 12 1 43 14 15 11 47 1 6 19 8 25 25 18 11 8 34 25 39 49 25 44 4 21 28 37 2 34 38 5 6 0 17 12 47 12 14 35 32 6 27 11 36 41 37 17 28 46 9 32 14 
22 22 46 38 47 32 5 19 3 31 19 35 13 32 30 15 42 38 39 27 23 33 9 20 33 40 33 22 26 19 21 20 27 39 35 36 3 35 35 21 4 8 18 33 21 49 26 35 27 16 36 10 42 35 5 22 28 1 11 1 34 40 6 25 24 36 42 18 35 36 5 20 35 47 10 16 37 13 2 13 14 4 5 12 19 21 46 46 13 42 4 29 12 5 9 20 8 28 6 39 
26 8 6 38 47 18 14 6 14 29 5 34 3 31 32 23 47 16 29 36 25 44 12 32 22 38 33 3 49 42 46 13 18 31 3 15 48 9 43 1 24 40 10 15 44 33 3 38 23 24 42 47 1 13 46 2 27 22 41 29 49 41 10 10 29 42 43 42 10 9 39 5 23 17 33 12 26 21 44 14 49 48 36 17 38 9 11 48 13 29 24 30 13 32 38 44 22 37 14 21 
30 22 4 31 40 2 24 38 41 11 43 43 11 41 26 33 46 19 9 27 32 38 36 7 3 26 4 17 43 17 20 7 22 14 5 45 37 25 42 43 49 28 20 47 15 23 32 49 11 38 17 43 27 20 7 8 31 10 18 21 7 44 7 1 18 22 0 11 0 16 38 41 32 5 3 47 18 25 26 16 14 30 41 21 23 3 31 31 12 30 26 8 20 15 31 23 43 10 41 22 
31 0 45 14 39 15 14 48 4 33 39 36 32 21 2 45 18 35 26 38 32 1 31 3 18 23 46 39 34 47 12 45 37 19 6 40 25 3 7 38 19 42 26 8 24 26 43 19 26 13 26 9 30 18 34 2 28 32 34 47 3 28 8 3 11 35 9 47 48 40 43 0 0 4 42 14 32 1 8 45 20 15 25 20 16 44 26 12 28 31 1 31 30 20 31 25 16 18 18 13 
2 5 17 2 17 28 19 35 22 25 48 42 38 2 9 33 0 22 31 45 33 32 37 4 17 30 34 33 17 9 14 31 31 0 10 46 13 47 16 1 30 2 43 6 6 1 30 39 13 13 16 8 13 6 5 44 30 10 28 5 19 12 16 9 18 0 40 28 18 1 2 43 10 12 38 20 20 3 49 30 25 22 23 7 22 13 0 15 27 13 18 28 43 0 42 36 3 38 31 14 
10 5 13 35 38 36 0 1 27 1 5 12 6 12 30 33 1 20 9 27 18 3 20 42 12 39 5 5 22 37 22 18 26 11 22 9 40 35 11 43 14 48 33 41 29 18 19 4 10 36 32 40 31 38 0 34 25 2 10 3 18 46 42 34 36 2 37 35 13 25 0 9 19 3 27 5 24 34 35 25 33 44 45 28 34 41 14 25 10 4 25 17 36 36 4 9 47 28 25 27 
42 12 36 28 18 35 43 42 35 41 20 16 33 1 23 33 9 19 12 0 5 12 31 33 10 36 28 3 21 0 45 37 47 27 3 25 21 2 4 4 49 32 26 46 18 3 33 11 31 43 26 10 13 7 1 5 6 15 30 23 36 35 23 25 34 10 28 41 25 33 3 25 15 22 2 29 26 21 2 36 5 0 32 39 41 40 21 33 47 18 24 14 11 24 7 44 30 20 0 22 
49 35 32 26 11 16 37 17 18 49 20 11 29 46 14 20 2 4 22 18 9 45 28 31 16 32 12 48 15 46 19 5 31 21 28 35 43 9 17 24 38 8 8 40 15 13 20 17 8 17 45 26 18 37 46 13 22 16 45 41 23 45 14 30 43 28 6 20 42 22 11 16 21 40 43 41 32 22 45 27 43 32 44 19 40 11 40 18 23 39 41 41 37 36 26 35 13 17 40 45 
24 17 42 36 21 44 1 0 2 3 42 12 45 33 49 31 40 20 48 31 15 39 13 48 15 43 21 24 21 5 3 6 9 11 48 15 8 47 16 17 47 41 8 19 18 10 7 38 39 47 8 21 31 7 37 30 15 31 29 49 16 20 24 31 17 28 45 13 43 11 39 24 29 15 5 9 26 38 35 20 47 12 15 44 5 16 15 19 16 22 27 14 1 25 49 16 39 36 28 7 
2 9 41 3 9 9 5 6 45 6 36 4 20 8 44 47 27 37 30 11 0 13 32 17 34 10 33 36 41 22 0 5 2 19 14 19 22 47 41 35 42 42 0 32 8 21 14 16 39 23 7 39 16 42 41 44 7 43 41 35 17 21 48 49 47 46 38 34 38 46 8 22 2 26 19 13 42 26 5 31 34 47 34 29 6 2 30 26 13 23 19 2 3 33 31 29 21 34 3 9 
13 28 44 23 33 37 9 38 9 43 29 24 45 38 44 10 26 44 21 25 22 17 22 47 5 38 23 33 17 34 19 22 7 6 2 11 41 7 14 13 0 7 37 43 24 3 12 11 3 45 44 22 48 41 0 23 12 23 8 1 47 3 15 16 15 19 43 4 5 7 26 44 2 37 46 49 39 38 13 4 35 4 23 32 32 21 2 2 35 30 49 18 7 8 20 18 2 27 25 26 
9 0 29 33 34 2 48 38 18 10 9 33 5 11 18 29 16 10 15 39 37 24 21 4 48 40 40 34 4 34 17 41 3 9 17 36 7 15 0 35 0 13 0 39 35 29 25 43 25 14 25 36 38 0 25 26 8 43 25 19 11 14 14 23 6 27 18 38 8 12 49 3 36 33 23 9 47 15 38 31 11 32 13 44 22 3 41 21 27 8 21 31 13 35 26 1 46 39 47 38 
40 20 26 46 42 9 29 33 2 30 47 34 38 19 37 13 44 40 13 17 14 9 35 24 22 4 6 43 31 40 5 38 13 23 33 24 36 40 15 48 28 25 3 44 29 22 32 30 2 22 43 34 33 19 1 3 35 18 1 28 10 28 49 37 5 31 40 9 10 0 5 24 43 13 33 16 40 44 15 21 4 4 45 33 49 46 33 16 37 1 37 22 33 26 31 49 11 5 42 39 
39 34 49 13 32 25 12 4 15 12 8 38 19 13 47 27 0 23 22 19 16 14 18 4 19 35 2 38 19 22 14 37 21 46 14 31 1 36 40 14 17 13 18 25 47 35 2 30 8 25 37 10 46 43 45 20 10 22 36 32 31 27 21 2 34 31 5 30 42 47 31 32 46 36 26 12 45 43 43 1 14 34 24 23 36 0 9 28 14 4 23 45 2 41 29 24 1 41 45 40 
0 28 42 24 22 17 26 26 37 3 47 16 32 21 45 21 2 3 49 25 44 32 27 20 12 40 29 2 42 17 13 28 41 26 10 26 34 9 39 44 37 7 20 3 9 30 35 36 24 25 16 31 18 49 27 15 41 44 6 34 32 10 19 22 48 28 48 5 25 28 32 24 40 35 10 2 47 18 44 13 25 32 4 7 20 40 43 5 18 31 42 6 19 10 17 35 29 29 48 41 
7 46 49 43 16 39 16 1 18 27 46 32 9 15 3 25 21 14 43 1 0 30 11 30 13 45 6 44 38 46 31 15 12 6 46 39 3 0 41 8 13 24 49 20 19 20 46 42 32 19 40 21 25 17 2 3 1 42 31 27 22 4 44 10 10 47 42 18 24 36 4 11 10 36 16 37 19 2 14 10 15 28 7 9 35 40 30 39 21 9 14 44 27 4 49 0 5 43 48 18 
40 24 36 46 7 28 28 7 41 38 45 1 16 38 44 47 26 3 21 13 12 1 36 1 20 19 15 1 38 11 39 27 33 13 7 16 3 39 21 22 2 13 28 31 23 2 14 25 30 19 48 5 4 43 28 40 7 49 26 37 36 9 32 15 17 27 23 23 20 19 47 39 8 6 6 22 22 33 26 12 32 22 10 8 7 2 44 0 8 27 26 34 17 37 39 49 32 34 47 49 
14 35 18 12 1 46 23 23 36 15 48 23 37 25 0 28 8 5 36 34 18 1 38 35 29 48 38 29 32 35 4 46 28 17 25 12 26 28 48 14 28 25 10 12 3 28 8 23 41 49 1 34 35 41 12 28 43 41 48 22 28 15 12 10 42 0 18 46 30 30 29 12 44 27 5 8 42 22 20 49 14 23 29 49 39 22 42 3 35 17 48 45 47 38 22 39 23 12 45 46 
0 43 25 31 18 48 36 45 33 6 11 46 36 8 20 33 49 45 36 15 29 23 16 26 9 2 43 15 25 2 45 16 20 43 7 48 22 36 2 35 12 19 26 17 2 6 8 18 41 20 45 2 40 41 39 29 30 40 45 47 0 43 7 20 48 4 7 11 43 42 12 40 15 8 46 32 12 30 32 40 37 26 32 34 33 13 14 0 16 12 26 47 27 19 25 44 12 33 18 30 
8 17 20 22 17 10 3 8 36 31 12 14 34 35 21 45 15 40 19 49 26 33 49 24 0 17 28 17 26 17 31 13 49 10 10 44 28 20 22 49 10 2 31 34 46 12 1 34 37 30 27 5 21 26 3 38 18 15 0 4 39 30 26 21 46 16 25 12 43 6 3 36 12 24 46 1 8 27 47 37 12 26 2 8 33 22 3 30 49 36 42 1 21 18 33 42 3 37 36 3 
46 45 15 3 35 38 32 25 44 41 39 34 33 3 25 16 30 42 12 22 49 38 29 37 46 42 26 33 25 46 13 8 7 18 45 15 44 27 33 3 24 5 46 8 35 38 15 18 34 48 18 7 7 40 17 6 6 14 19 35 4 43 49 47 49 0 17 32 23 26 45 25 29 29 48 19 17 18 8 24 34 25 41 1 3 35 3 16 28 37 45 34 2 33 1 30 12 6 12 19 
12 16 42 21 39 28 8 33 19 19 17 20 26 33 26 43 33 36 2 29 32 40 41 0 0 32 21 23 12 5 40 20 49 49 36 46 38 24 11 42 33 6 15 8 38 22 30 37 48 34 16 49 16 24 44 19 33 10 38 0 28 46 40 46 45 2 27 41 27 18 25 8 3 21 20 25 23 33 39 0 36 45 32 2 3 34 19 43 41 25 9 28 46 46 27 39 15 26 34 46 
49 30 43 38 42 15 30 7 32 32 0 16 37 20 43 43 18 1 22 5 44 16 36 42 38 34 13 42 25 28 12 16 14 3 38 23 4 24 3 4 23 39 40 35 42 37 41 42 25 18 7 18 7 7 2 8 11 26 21 28 11 7 36 39 0 10 44 23 41 45 8 49 4 20 43 19 1 1 9 36 2 15 38 18 42 32 14 25 11 47 0 2 15 19 16 17 25 24 5 25 
10 49 9 40 41 42 8 4 11 38 11 12 34 13 8 18 17 48 24 25 1 12 14 21 27 45 3 2 7 16 12 1 4 13 32 43 14 33 28 49 10 45 38 4 27 26 22 44 34 37 0 22 1 44 2 39 28 35 11 28 35 7 0 21 39 38 48 34 41 28 7 33 2 33 27 46 19 40 11 28 0 20 33 44 45 24 33 41 49 38 49 11 0 48 48 39 29 0 38 47 
46 3 46 18 14 16 24 37 6 14 35 46 26 42 28 37 24 38 37 47 44 20 18 35 0 27 15 39 29 32 14 5 21 7 4 47 24 15 6 40 33 19 0 40 25 40 18 44 0 31 23 7 1 40 36 30 33 23 35 7 27 23 46 35 44 29 19 12 47 42 10 39 1 27 23 37 44 25 45 9 16 37 7 5 27 31 44 26 15 41 6 23 17 4 3 17 47 34 25 3 
3 18 32 29 14 22 47 9 20 15 17 21 44 1 24 41 2 18 28 36 19 8 5 6 9 30 10 38 29 9 35 12 28 21 2 38 26 9 30 47 10 49 2 9 48 5 31 27 40 46 23 20 2 9 49 34 4 12 42 22 13 32 20 11 31 0 5 44 49 20 5 8 5 12 24 41 21 4 32 45 42 7 38 6 10 19 6 37 3 21 48 43 25 40 35 20 40 32 44 39 
26 24 35 26 32 41 27 25 37 33 42 39 14 42 45 18 39 39 1 29 44 30 8 39 5 41 20 44 35 32 10 33 24 34 45 9 41 0 11 47 42 9 37 23 27 24 29 34 39 7 7 4 3 26 28 12 36 36 38 1 1 25 44 32 13 17 35 5 34 13 4 11 17 15 8 6 11 28 49 42 31 6 4 36 8 17 45 32 18 17 6 42 42 39 46 28 13 34 19 18 
14 4 32 4 0 35 36 14 44 39 13 16 6 22 5 5 38 32 38 20 37 31 20 38 46 45 28 42 34 18 40 47 7 25 48 41 43 30 49 39 45 12 38 27 23 3 31 18 30 28 32 40 0 33 23 33 42 5 47 28 17 42 49 7 5 5 47 8 5 0 36 21 16 16 36 29 27 48 0 13 36 18 11 9 17 5 1 13 42 22 38 7 32 6 13 32 23 26 24 2 
48 21 16 16 15 22 0 8 19 4 41 47 14 39 43 26 16 48 36 41 45 6 31 32 27 29 38 1 44 27 29 39 19 24 15 14 47 43 47 18 36 19 8 42 42 2 20 5 14 6 21 28 23 6 33 35 39 10 31 42 24 6 29 49 18 16 10 17 47 17 7 23 15 17 24 19 32 24 44 42 31 48 26 4 46 45 15 20 44 34 6 3 18 21 32 44 17 9 0 30 
43 21 23 9 49 15 30 30 33 15 15 33 36 16 1 48 7 25 21 33 49 44 42 26 1 47 12 36 5 23 31 21 41 24 48 8 16 3 22 11 16 6 43 6 41 25 24 34 36 47 48 10 22 41 40 37 38 41 17 20 28 39 32 24 27 33 44 48 16 8 31 29 21 5 16 4 40 16 16 6 28 25 13 44 27 2 38 47 45 45 6 20 45 6 17 39 43 1 7 48 
17 0 7 0 40 44 34 3 30 2 28 38 23 14 32 15 17 8 27 26 39 25 37 45 26 18 5 32 18 15 25 48 4 11 43 5 34 40 24 43 29 4 37 2 5 22 47 21 16 16 49 17 10 24 8 4 23 24 1 17 17 40 10 45 22 20 8 27 37 10 45 32 27 1 49 22 35 36 49 2 15 38 21 43 18 24 16 17 41 49 29 42 6 33 8 0 47 8 0 12 
17 20 44 24 45 12 34 2 21 13 35 38 12 13 4 4 24 14 18 26 24 4 2 35 25 21 43 3 9 39 46 22 29 14 3 27 46 47 37 12 13 2 2 19 5 2 24 42 8 43 12 33 16 16 30 41 30 24 27 16 10 35 17 17 15 9 44 41 11 21 33 39 44 26 3 21 45 24 32 21 42 12 49 26 32 9 20 4 32 1 42 44 19 11 13 9 18 29 20 38 
3 11 22 33 2 1 40 48 22 38 41 29 9 18 32 22 44 37 37 15 10 21 44 43 44 23 27 22 22 5 26 36 31 30 37 14 9 28 41 8 44 43 43 48 37 28 49 6 20 29 7 35 16 23 49 0 43 32 0 0 41 27 6 35 14 35 19 10 42 21 47 38 22 32 9 12 2 1 14 30 35 1 39 20 36 42 3 5 31 7 30 14 48 27 27 18 29 19 20 41 
15 31 9 8 5 3 18 18 35 7 18 7 34 28 0 42 44 48 15 9 39 7 48 20 17 37 6 33 23 23 39 17 43 34 23 19 10 9 14 12 36 33 16 37 1 25 0 8 48 22 36 32 5 3 43 8 42 21 16 46 46 21 37 4 32 31 48 26 22 47 33 42 42 44 5 34 48 15 14 37 43 0 31 40 49 49 15 48 0 30 29 1 48 0 0 13 0 47 35 10 
4 36 44 36 27 29 28 8 17 11 11 17 14 45 6 17 16 12 28 26 45 21 11 46 37 33 11 4 42 28 34 20 11 21 20 20 49 1 41 23 46 16 3 49 11 41 15 29 32 12 25 26 43 29 5 40 2 37 29 20 36 31 36 40 42 1 18 22 7 11 40 22 11 27 30 1 8 47 7 25 31 48 39 16 19 10 0 10 6 37 46 5 47 0 10 15 48 5 20 32 
47 6 6 13 44 28 33 39 12 46 23 47 47 24 19 30 31 45 27 32 15 44 42 48 45 6 6 9 47 44 40 11 25 49 26 7 28 12 21 13 35 27 3 12 17 49 39 33 42 21 16 47 13 13 48 41 16 45 0 31 47 45 32 11 26 3 0 11 14 44 23 21 9 7 28 29 16 26 5 39 1 49 24 29 38 7 3 7 1 48 31 47 6 36 49 39 11 48 41 29 
9 15 26 41 17 6 25 8 22 30 31 27 27 0 31 34 46 11 8 14 14 42 30 12 35 4 33 18 42 39 22 1 23 6 10 21 47 19 16 27 49 26 25 28 24 34 20 32 0 1 25 17 17 10 28 4 20 12 44 16 1 9 43 49 34 6 1 22 24 33 18 42 15 24 27 0 1 0 30 11 11 12 30 36 27 23 44 48 11 45 35 35 22 25 35 9 23 26 8 4 
10 23 26 45 5 35 3 7 35 6 13 41 15 33 7 40 34 31 46 30 46 46 16 12 9 18 39 32 27 21 44 42 15 41 12 25 11 14 45 22 8 1 48 39 30 47 2 43 8 19 14 43 1 30 16 28 21 39 23 19 33 33 5 31 40 13 11 36 25 24 45 21 4 23 27 23 31 9 11 15 10 49 5 39 21 6 18 33 17 13 18 6 1 45 30 8 41 1 36 49 
10 18 34 9 44 3 37 10 28 14 34 34 20 42 18 39 37 6 38 26 29 26 32 40 39 1 2 30 22 31 45 34 49 39 27 28 18 10 43 31 31 33 1 34 5 22 19 29 32 49 35 37 23 49 4 19 47 31 1 37 10 30 4 44 46 20 29 47 4 38 19 32 25 28 10 26 1 6 47 27 28 34 30 44 21 31 29 41 25 42 0 32 32 4 46 11 5 2 24 6 
13 6 20 13 12 16 45 5 46 3 41 15 33 46 6 27 28 27 19 18 44 31 34 34 24 12 28 4 2 34 42 39 46 6 11 17 29 21 38 17 33 43 27 29 40 28 39 46 21 16 45 45 11 18 17 31 20 40 21 3 49 24 24 32 42 3 2 37 20 11 35 21 24 49 2 16 45 49 33 27 46 1 6 32 19 14 5 38 42 16 5 23 10 31 41 19 3 5 16 19 
47 23 39 25 18 31 1 37 16 0 7 30 19 9 28 38 31 37 37 5 32 36 41 10 23 12 40 33 7 9 18 38 39 42 37 21 33 30 22 42 6 49 20 28 26 24 35 7 31 48 42 16 1 42 32 29 22 42 43 38 0 36 36 2 0 18 37 49 7 36 25 24 21 15 15 43 22 5 11 44 39 45 47 35 14 31 44 38 35 8 9 17 12 13 10 1 15 49 16 47 
15 36 33 45 2 46 38 48 35 16 32 23 43 3 5 42 5 24 20 17 22 33 47 33 32 13 25 39 44 18 5 37 19 37 11 13 15 47 39 0 23 48 40 0 2 19 48 16 46 34 16 38 27 20 39 30 28 25 8 6 47 21 18 8 47 6 20 22 22 14 40 15 3 31 37 45 45 48 18 17 11 49 33 13 22 40 20 4 10 2 18 6 37 23 30 26 18 48 49 12 
10 48 43 47 42 34 49 28 22 35 40 24 43 42 14 14 26 9 22 14 40 0 6 25 48 33 41 44 38 29 32 24 19 8 46 49 30 22 4 34 33 2 11 14 39 0 33 13 26 12 41 3 31 36 18 13 18 14 34 45 43 18 15 28 39 44 22 0 23 27 35 49 35 22 25 9 33 12 8 1 19 13 16 29 19 15 12 39 35 23 0 29 28 25 21 47 31 15 10 38 
32 42 25 4 34 15 23 19 11 27 34 30 33 16 13 17 6 48 9 19 26 21 41 30 25 23 1 18 27 15 39 24 37 1 31 1 26 23 22 30 47 37 20 2 18 44 28 37 49 24 40 0 20 31 24 41 13 2 19 25 45 3 3 40 24 11 41 3 25 43 0 34 35 1 17 5 27 18 17 11 9 2 45 15 17 45 6 11 48 31 34 20 6 25 21 48 27 36 1 6 
48 16 32 18 34 9 22 37 48 28 33 45 34 19 49 8 3 14 27 18 34 31 29 37 15 14 9 26 21 15 6 24 32 20 19 49 11 20 9 0 23 37 5 7 6 1 47 27 32 14 2 7 48 20 36 10 2 1 30 36 0 11 43 4 35 27 41 49 20 22 0 42 15 19 5 49 12 27 33 49 29 29 7 4 18 1 32 1 29 17 19 20 24 43 13 18 33 30 38 17 
49 38 8 43 3 37 6 21 40 40 14 16 7 12 33 33 9 4 36 44 48 23 44 4 43 4 41 13 6 17 47 37 5 19 42 20 27 45 3 7 34 35 39 37 32 14 11 38 23 0 30 16 43 35 34 45 29 30 33 45 37 45 17 41 18 22 42 47 5 20 38 21 40 3 2 6 20 37 5 7 32 49 9 13 36 6 43 31 35 28 7 7 48 46 23 45 2 10 39 5 
45 47 0 30 5 19 41 10 9 9 4 12 9 18 23 13 23 18 8 37 20 28 40 35 7 14 34 28 40 39 42 21 9 20 17 28 48 22 43 23 22 19 8 9 18 16 11 8 15 10 6 0 47 42 41 23 43 44 34 0 6 4 42 37 26 2 4 29 43 3 19 15 7 7 32 34 3 8 46 40 27 8 11 6 30 27 42 3 1 25 31 26 39 42 21 27 31 35 44 9 
12 13 26 42 40 40 31 8 17 19 36 33 12 15 26 7 3 8 24 33 29 19 48 32 33 10 41 16 12 0 21 14 19 28 16 39 8 42 44 29 46 44 48 29 8 24 30 40 5 45 27 46 29 46 34 11 34 28 41 25 39 1 16 17 25 27 36 24 28 49 13 19 14 7 26 49 6 19 49 0 12 22 22 26 24 33 17 37 11 22 24 28 43 33 14 43 17 35 43 14 
42 27 34 22 32 49 13 29 36 21 20 9 48 18 36 24 4 30 4 0 16 4 49 28 0 17 15 18 15 11 25 43 42 26 43 42 44 24 8 26 10 48 6 12 28 46 49 22 13 28 28 42 21 32 10 11 12 28 1 45 27 46 29 42 41 31 20 5 35 10 41 7 15 3 49 39 4 34 10 3 35 12 33 49 21 1 41 13 12 17 43 48 45 15 29 25 23 3 9 43 
41 20 5 22 37 34 5 4 11 9 4 11 49 17 46 10 43 17 7 34 44 7 10 13 17 21 16 6 22 44 47 1 0 49 17 25 34 8 5 1 7 11 22 44 30 44 16 45 5 21 47 6 12 33 33 10 24 38 19 14 26 29 1 23 37 9 43 13 0 4 10 8 34 36 36 47 34 26 25 21 41 35 0 47 13 49 33 7 5 33 16 24 12 40 14 0 18 22 8 1 
46 23 43 33 39 6 44 30 3 44 11 6 41 33 47 22 29 0 32 20 32 46 11 0 42 17 40 46 20 1 33 3 25 24 35 4 38 10 25 2 19 16 31 35 47 14 46 7 27 43 8 36 47 40 39 31 28 42 16 48 15 34 30 48 39 21 14 11 48 18 0 21 13 1 46 6 34 19 35 35 31 35 40 33 29 21 28 43 24 1 0 14 5 48 14 34 12 37 4 43 
13 5 21 46 22 48 33 34 3 46 15 49 47 31 29 44 44 17 30 26 0 23 18 33 1 8 1 1 18 20 40 38 3 3 31 15 37 14 13 47 38 49 11 7 2 4 41 32 28 12 35 2 49 10 36 43 11 43 46 11 20 8 33 36 15 1 5 2 13 32 0 10 43 41 11 7 12 39 35 9 0 35 34 43 28 22 1 29 35 16 6 40 1 26 23 21 15 48 9 9 
33 3 22 49 42 42 34 35 42 26 0 3 38 36 4 3 36 27 21 31 38 18 5 10 30 15 15 15 21 27 8 24 12 44 32 11 28 43 41 35 14 10 18 22 35 21 27 18 7 48 46 30 44 28 26 29 44 44 36 16 2 21 9 0 15 5 49 34 16 13 20 44 0 47 18 12 39 24 19 38 43 16 9 46 39 3 15 19 36 20 28 28 36 11 46 19 17 31 49 47 
40 9 39 35 11 1 37 46 18 32 38 0 35 38 33 43 36 3 13 3 35 29 29 46 13 42 20 48 42 20 5 5 36 48 29 12 43 37 9 14 9 10 2 34 27 43 6 37 13 45 21 15 2 19 2 22 0 48 1 21 18 49 2 49 42 18 32 12 46 4 46 39 36 25 10 23 13 33 27 42 3 10 17 25 26 49 9 34 47 34 48 37 9 18 0 32 20 14 28 19 
5 30 39 9 25 26 21 32 26 36 3 21 44 9 28 35 41 11 16 44 5 32 4 6 14 14 24 44 15 26 35 17 26 27 6 11 7 43 20 6 20 5 6 17 40 21 23 29 39 10 43 16 34 48 33 10 6 18 43 38 8 13 44 40 19 24 9 49 0 2 26 40 48 48 36 46 18 41 48 37 47 23 31 26 42 9 4 28 25 34 1 30 3 13 23 5 11 13 24 8 
38 6 15 14 20 46 4 47 38 10 30 11 45 17 4 34 42 20 17 0 47 7 42 6 6 31 39 22 0 5 2 4 10 25 23 37 14 6 48 30 33 40 6 46 17 17 43 16 34 7 49 5 2 3 35 0 6 36 33 8 23 36 41 4 28 40 20 0 11 43 0 3 23 32 40 38 32 7 27 10 20 38 5 35 23 17 11 44 1 17 28 7 34 4 32 22 1 24 13 29 
31 12 6 22 44 33 9 33 30 8 47 43 21 4 4 47 31 31 45 0 19 5 38 32 23 40 14 43 15 38 13 47 26 23 41 27 5 42 18 9 18 34 1 1 48 39 38 45 46 36 23 36 47 24 7 25 1 5 1 43 18 17 33 10 37 45 37 38 16 36 17 8 14 7 19 40 28 12 33 5 46 13 14 10 23 15 7 46 18 15 36 36 35 21 21 6 43 4 41 28 
43 12 32 22 28 4 11 46 26 24 7 27 27 33 41 36 36 0 38 20 37 26 6 48 38 35 1 5 40 19 44 29 35 45 38 25 31 28 9 21 11 10 20 19 3 43 28 9 48 7 12 36 32 37 45 25 40 31 6 28 46 46 49 46 46 30 34 41 29 36 27 15 4 33 48 46 41 45 6 1 37 17 18 36 41 34 48 7 41 44 19 7 47 18 2 28 0 40 14 26 
46 15 9 48 46 8 44 10 32 14 3 40 22 7 41 5 9 30 36 4 3 44 47 45 33 22 27 23 40 37 39 1 27 3 21 17 46 32 39 45 34 37 44 48 23 25 26 33 30 28 9 39 1 26 24 41 29 22 14 49 14 4 40 34 38 14 15 4 4 37 6 48 23 5 44 17 12 25 49 6 38 21 46 34 25 31 0 27 16 5 7 19 35 2 16 46 27 23 46 7 
36 12 17 5 14 30 15 33 48 6 27 24 21 42 6 27 35 17 35 17 10 29 36 44 43 48 21 40 49 24 39 4 28 6 2 9 25 40 16 2 12 38 22 23 30 1 19 8 42 34 31 7 45 49 2 4 40 33 29 31 29 20 23 7 21 24 40 41 42 29 13 11 37 48 31 35 44 27 19 43 15 27 38 43 45 21 8 28 5 4 1 34 45 22 42 26 24 45 16 11 
40 17 5 42 4 4 35 10 41 28 29 18 25 12 16 35 1 46 11 8 14 0 48 49 25 32 36 23 33 4 15 14 47 49 49 15 24 34 36 12 3 15 34 35 42 44 35 11 24 47 19 2 35 35 23 23 5 38 38 4 32 14 46 8 23 43 13 30 2 1 23 5 47 44 49 26 26 20 13 46 14 19 46 2 33 44 24 17 35 43 25 27 7 40 31 38 3 44 30 35 
49 32 20 0 29 8 32 40 23 47 45 48 21 19 7 30 49 22 44 13 39 19 3 17 45 26 22 42 6 14 9 12 16 39 42 9 23 8 5 25 31 34 4 25 49 41 39 28 39 2 22 36 11 29 25 44 6 1 30 43 22 31 34 41 19 26 32 8 24 21 48 26 3 36 23 13 23 38 45 14 33 45 24 12 27 26 34 29 2 7 44 14 9 24 26 18 30 24 28 41 
44 46 3 8 11 28 30 20 21 34 4 44 27 14 42 35 25 6 6 27 46 42 48 44 15 16 6 38 5 35 17 16 35 23 44 46 29 27 1 32 39 32 6 37 5 0 3 28 35 5 10 7 41 39 25 32 1 17 32 27 5 36 6 6 34 15 3 35 19 25 3 17 12 40 19 43 20 0 4 15 30 15 41 18 27 31 13 34 7 31 19 44 27 10 37 16 30 29 6 17 
44 3 17 29 24 3 44 14 15 35 42 33 3 36 41 46 24 0 49 49 1 19 29 32 6 32 11 4 1 8 11 33 40 34 1 1 16 46 36 32 30 1 23 4 32 43 31 4 29 39 12 45 44 47 35 47 43 1 38 39 43 39 33 40 27 29 40 31 49 49 15 45 47 15 33 1 31 15 8 44 22 14 12 3 28 8 4 15 29 40 31 23 6 49 35 28 12 27 1 3 
20 28 48 35 31 22 0 22 17 44 48 25 21 18 36 7 34 17 46 21 7 28 19 26 8 5 24 36 38 5 6 47 41 14 10 14 2 19 16 5 46 23 37 47 28 47 49 34 32 11 21 2 4 19 20 32 38 46 0 16 21 14 30 43 16 7 5 11 0 17 35 48 24 38 26 5 32 40 44 49 6 7 46 14 5 24 25 7 5 41 27 4 7 30 18 35 19 34 15 36 
48 11 21 3 11 19 42 8 13 10 23 46 15 40 19 8 28 46 3 17 39 28 30 20 1 18 0 3 6 40 19 32 28 42 30 33 38 16 6 32 13 8 4 36 3 21 46 34 29 8 18 42 20 18 10 15 27 34 29 6 41 4 22 11 38 22 34 1 38 20 1 36 0 45 32 43 31 20 47 26 15 11 14 31 18 16 34 21 43 12 4 36 20 1 23 44 27 20 0 5 
15 47 21 44 28 7 44 46 35 12 3 16 16 30 45 44 2 49 22 35 27 3 5 34 46 22 1 5 2 47 19 40 41 2 24 47 18 1 8 31 15 48 7 20 28 10 25 26 15 20 16 41 12 22 21 40 6 12 46 3 21 6 14 34 42 17 11 49 43 25 19 41 46 15 45 16 38 25 34 22 35 36 30 18 35 19 18 45 40 38 26 20 44 2 49 11 15 29 9 37 
2 5 0 15 2 48 17 34 48 2 44 7 8 16 23 44 48 22 11 19 10 30 20 47 37 4 36 49 23 33 28 18 41 16 19 22 29 32 49 3 15 45 1 38 34 29 14 31 45 46 21 33 13 1 1 36 32 1 0 36 4 14 17 41 30 33 7 31 26 32 30 15 37 46 21 25 2 11 40 22 36 35 18 5 49 44 7 6 34 38 4 33 46 15 9 25 4 15 19 14 
13 32 42 13 6 40 26 21 18 13 10 8 36 18 31 38 22 6 33 21 48 38 47 8 23 19 26 36 7 49 9 4 42 11 45 24 9 36 30 15 24 47 12 17 28 2 2 48 3 28 22 1 20 13 33 0 30 17 41 25 31 43 40 17 22 1 14 2 30 46 17 13 1 19 32 4 19 0 18 38 38 37 28 42 12 46 32 30 33 23 48 5 41 47 20 36 33 27 32 7 
27 28 8 32 14 18 46 9 46 49 26 18 5 4 30 42 23 34 24 34 48 10 28 40 3 2 6 43 36 23 11 8 9 13 42 26 35 31 12 2 4 24 36 6 35 41 23 30 7 22 31 12 30 40 30 11 38 6 43 17 17 28 41 26 39 3 28 45 32 32 49 5 8 14 17 30 16 47 27 1 2 5 9 32 37 33 22 12 36 14 25 39 30 3 9 15 0 43 10 39 
34 18 2 20 39 24 2 36 35 33 9 19 33 30 20 44 44 32 15 3 7 5 5 1 32 4 43 10 41 1 8 40 19 11 45 33 0 6 1 2 36 46 12 7 48 18 40 26 33 6 46 11 30 15 35 16 33 42 1 45 5 37 37 13 1 26 16 28 49 15 37 38 13 27 8 9 11 15 7 14 36 29 49 44 21 36 40 10 28 17 19 38 15 32 22 20 16 33 11 37 
28 15 25 19 13 7 29 31 5 42 18 1 24 33 18 43 33 23 27 24 19 8 30 19 32 45 1 40 35 43 21 9 30 30 43 3 22 39 40 49 21 26 34 31 3 25 27 32 38 48 31 32 8 13 7 38 21 6 7 20 49 7 2 42 25 1 13 30 12 2 46 33 15 18 26 34 14 3 26 16 10 12 42 7 0 21 38 25 34 37 33 0 2 35 16 49 27 33 38 40 
4 33 14 5 17 43 10 36 23 2 11 31 14 18 38 4 7 15 7 41 25 33 35 10 42 24 26 27 45 2 45 37 12 24 40 36 23 0 14 27 42 19 40 33 12 14 3 30 5 1 38 14 18 46 46 22 35 32 35 18 35 9 43 25 14 40 17 28 17 12 11 1 8 37 47 22 40 22 49 34 9 3 4 23 24 21 9 44 36 24 25 34 8 10 33 40 13 26 46 16 
34 44 34 12 11 19 30 18 35 36 32 4 41 14 21 9 22 9 34 31 35 38 25 0 30 39 43 0 42 27 39 1 35 31 12 1 23 28 31 4 7 24 7 7 19 6 33 48 47 31 36 7 8 35 40 7 1 33 17 24 27 0 23 47 28 5 1 20 41 7 0 12 32 45 21 11 4 14 13 14 0 40 12 5 2 2 4 29 26 38 8 10 44 6 18 6 9 15 37 6 
28 4 5 39 23 1 31 30 37 31 46 11 40 23 18 33 30 48 11 39 11 10 11 6 22 0 4 39 11 38 34 32 37 22 3 1 48 15 25 45 2 4 42 13 42 27 8 24 34 8 20 41 0 9 38 10 43 10 44 9 22 25 48 28 4 25 17 9 26 15 17 23 15 6 25 25 1 38 45 30 30 21 48 23 38 34 42 20 43 37 6 12 46 33 15 32 35 35 10 27 
49 29 2 7 32 18 16 46 2 3 20 32 49 20 42 21 29 29 22 12 12 3 38 11 42 43 35 39 28 25 28 13 25 30 31 26 23 43 27 16 45 21 20 30 49 29 25 37 39 11 4 16 7 46 38 46 6 28 14 16 9 16 41 28 35 41 41 40 19 10 14 34 36 19 9 5 14 27 49 21 25 18 45 41 23 1 7 27 36 0 6 11 29 30 16 46 11 38 38 41 
45 3 15 16 32 30 0 37 28 15 30 8 31 49 25 29 27 19 16 12 17 46 28 19 10 19 32 42 5 21 49 8 5 47 43 12 31 43 8 39 28 24 9 10 34 41 9 21 0 2 8 25 38 9 39 36 6 20 11 6 6 17 21 27 17 10 8 2 29 25 37 21 7 21 7 44 34 5 32 25 33 46 5 20 7 24 44 22 43 33 4 45 7 24 0 24 20 0 31 19 
27 28 28 11 26 13 38 39 33 12 32 46 49 36 25 3 34 0 7 37 18 9 24 43 21 15 9 35 24 12 27 5 31 33 3 1 46 37 13 23 2 4 2 22 7 16 33 10 17 2 8 23 31 29 27 40 41 19 16 0 7 3 23 7 12 40 47 33 38 13 19 26 17 16 35 42 8 35 2 12 24 37 4 4 14 42 34 2 8 25 1 5 18 35 21 1 18 45 36 45 
37 6 40 22 37 20 47 24 16 36 34 25 24 0 26 36 24 9 6 33 39 42 21 36 8 42 42 48 41 47 13 47 0 20 35 23 12 15 20 35 35 48 10 35 8 32 5 43 2 31 19 32 11 7 30 26 18 37 43 4 36 23 9 10 4 3 11 18 26 43 28 9 4 44 37 22 4 27 45 46 28 31 10 32 33 13 6 9 4 20 49 13 37 34 4 2 29 22 0 49 
0 13 24 49 19 5 19 36 6 36 17 31 32 23 42 13 19 10 43 1 42 32 27 27 34 41 41 27 23 20 16 38 6 48 6 33 22 16 39 25 31 20 16 34 15 30 25 8 21 37 44 0 0 22 39 4 36 4 37 39 5 49 16 4 40 23 48 11 48 39 38 17 33 10 18 5 31 15 47 27 25 43 40 36 10 29 41 47 24 43 5 2 0 33 15 39 13 41 23 43 
17 41 4 43 0 33 39 30 38 45 39 0 4 33 8 39 44 18 35 26 13 38 21 2 15 3 30 27 26 12 46 29 48 46 4 11 25 36 48 23 11 17 12 37 17 18 2 3 24 40 2 8 20 22 37 3 12 49 0 2 0 49 9 44 35 40 31 16 2 40 16 34 0 46 39 14 28 19 38 22 10 8 17 15 20 6 36 37 23 34 11 49 5 11 34 13 22 10 7 0 
49 9 17 10 37 27 19 42 3 31 27 22 0 40 49 10 36 21 11 1 0 10 9 0 1 27 6 14 42 5 32 4 31 46 31 13 7 5 12 9 28 1 40 12 11 13 10 9 47 26 14 7 31 41 5 39 20 4 34 22 45 11 35 18 39 28 34 5 2 23 10 4 40 8 29 16 10 8 12 13 0 1 28 48 40 10 18 31 24 1 27 9 2 8 21 31 29 6 32 29 
14 43 12 36 35 16 5 40 38 18 24 14 15 32 32 3 37 26 14 18 17 5 0 15 23 47 11 31 13 5 40 13 20 36 47 41 3 46 25 22 21 4 45 27 46 0 46 12 38 39 2 34 19 9 31 44 32 6 47 21 5 42 5 33 21 31 41 21 47 15 23 18 20 7 36 14 31 43 21 37 25 21 3 3 4 48 46 0 10 18 39 37 7 22 11 45 35 11 27 30 
48 24 14 30 35 22 15 18 17 16 36 33 21 37 17 37 4 28 48 37 9 5 23 32 36 42 48 40 2 21 36 2 14 2 19 10 16 3 36 13 15 24 11 37 13 11 23 29 31 16 14 38 49 19 11 22 35 41 8 22 12 28 10 38 33 35 8 43 20 23 43 28 28 24 33 25 12 0 40 34 3 49 3 5 18 46 29 7 30 47 48 14 26 21 20 1 35 47 46 29 
39 20 6 0 7 47 31 16 32 45 20 30 40 6 19 3 43 16 15 17 17 45 20 18 12 16 26 27 16 7 7 0 15 17 27 38 25 48 11 12 5 1 44 36 49 26 42 33 21 34 15 34 47 44 2 21 34 34 43 43 8 5 46 38 30 14 2 45 11 42 27 33 16 39 15 42 41 36 48 39 34 41 39 39 22 45 39 24 31 4 4 29 1 38 10 7 1 49 3 43 
